0,17,7,5
1,0,17,9
2,13,2,22
3,13,7,21
4,0,6,19
5,10,16,0
6,8,14,18
7,2,8,16
8,1,9,5
9,11,4,17
10,11,1,21
11,6,8,22
12,3,15,12
13,20,12,21
14,3,0,13
15,21,12,7
16,23,3,13
17,4,19,8
18,3,13,16
19,7,1,3
20,16,9,14
21,0,4,14
22,2,17,11
23,4,9,11
24,11,23,22
25,0,21,7
26,1,2,16
27,12,16,3
28,21,15,16
29,19,6,20
30,2,10,14
31,12,20,1
32,19,9,2
33,12,1,10
34,4,15,5
35,23,9,10
36,1,16,13
37,19,17,6
38,21,17,0
39,3,14,1
40,18,21,19
41,2,9,15
42,9,15,4
43,0,8,7
44,12,7,4
45,21,12,1
46,3,13,1
47,18,15,8
48,7,13,12
49,1,0,6
50,6,13,19
51,6,11,17
52,5,9,10
53,17,5,18
54,8,19,4
55,9,10,12
56,9,10,19
57,18,6,4
58,14,2,18
59,11,12,7
60,8,1,4
61,2,10,13
62,4,0,15
63,18,13,2
64,12,4,3
65,0,1,8
66,1,12,9
67,4,15,7
68,10,5,9
69,5,6,8
70,2,0,3
71,14,9,7
72,4,9,12
73,0,10,1
74,6,1,8
75,2,5,8
76,3,14,10
77,13,8,2
78,14,0,2
79,8,0,4
80,1,8,13
81,5,11,8
82,8,3,6
83,9,11,3
84,7,8,4
85,13,4,10
86,14,4,3
87,8,2,15
88,8,4,7
89,3,2,14
90,3,7,1
91,1,10,7
92,4,5,15
93,7,11,10
94,6,4,7
95,8,9,4
96,4,3,1
97,11,6,3
98,8,9,5
99,1,7,4
100,1,4,14
101,8,14,2
102,7,1,6
103,5,0,8
104,2,14,10
105,8,3,14
106,10,3,9
107,11,1,5
108,8,2,1
109,7,8,14
110,1,8,14
111,0,2,7
112,9,1,10
113,9,8,15
114,15,2,11
115,11,3,4
116,11,14,2
117,4,6,11
118,15,2,1
119,4,3,0
120,3,9,1
121,6,9,5
122,3,7,6
123,3,2,11
124,3,7,0
125,7,5,1
126,3,4,0
127,11,7,1
128,0,11,5
129,2,6,5
130,6,2,4
131,3,0,6
132,7,0,11
133,6,3,2
134,4,7,5
135,1,6,7
136,3,4,9
137,1,7,3
138,2,4,1
139,0,1,6
140,3,4,7
141,3,7,4
142,2,6,0
143,9,10,7
144,0,2,9
145,4,9,6
146,4,11,7
147,7,11,5
148,5,10,2
149,6,3,5
150,0,1,2
151,0,11,2
152,7,0,3
153,4,10,6
154,2,4,1
155,1,6,5
156,7,4,6
157,10,11,7
158,1,3,10
159,1,3,0
160,6,10,0
161,5,7,2
162,6,0,4
163,6,0,5
164,2,1,4
165,2,6,3
166,6,10,1
167,3,1,5
168,5,7,4
169,1,4,5
170,4,1,0
171,5,0,4
172,2,6,0
173,7,1,10
174,7,1,6
175,6,0,2
176,7,0,10
177,7,6,5
178,6,10,1
179,3,7,4
180,2,1,4
181,10,6,4
182,5,7,4
183,1,3,7
184,7,4,10
185,4,6,7
186,0,4,6
187,7,2,0
188,5,7,4
189,0,2,5
190,6,5,3
191,1,4,5
192,7,1,0
193,2,6,4
194,3,0,5
195,2,5,0
196,0,5,1
197,1,4,6
198,6,1,4
199,5,0,1
200,4,2,0
201,0,2,3
202,2,5,1
203,7,2,5
204,3,7,6
205,0,2,4
206,1,7,3
207,3,7,0
208,2,0,6
209,2,7,4
210,6,1,5
211,3,6,4
212,3,0,5
213,7,6,4
214,5,4,0
215,1,0,6
216,4,1,5
217,6,5,7
218,1,2,0
219,4,5,7
220,4,3,2
221,6,4,3
222,0,1,7
223,3,0,7
224,3,6,0
225,2,4,1
226,1,4,3
227,1,3,4
228,1,3,0
229,7,6,5
230,6,2,5
231,4,2,0
232,7,6,4
233,5,1,0
234,7,5,4
235,3,7,0
236,6,7,3
237,6,5,1
238,6,1,7
239,6,4,5
240,7,4,3
241,2,1,5
242,1,6,0
243,0,2,5
244,3,0,4
245,3,6,5
246,3,4,0
247,6,1,7
248,6,5,2
249,7,2,5
250,7,4,6
251,7,6,5
252,3,2,4
253,1,5,0
254,0,5,7
255,5,0,2
256,3,0,1
257,0,5,3
258,2,4,1
259,7,3,2
260,5,4,7
261,1,2,5
262,5,1,2
263,5,0,2
264,2,4,5
265,0,4,2
266,1,4,3
267,4,1,3
268,1,3,4
269,4,3,5
270,0,1,4
271,4,0,1
272,0,5,1
273,0,4,2
274,5,1,0
275,3,0,4
276,2,5,3
277,3,2,5
278,3,0,4
279,2,3,0
280,0,3,5
281,5,3,4
282,4,3,5
283,1,2,3
284,5,4,3
285,4,3,1
286,3,5,0
287,1,2,0
288,5,2,4
289,4,3,0
290,1,0,4
291,2,3,1
292,2,4,1
293,5,0,1
294,4,3,0
295,1,3,0
296,1,5,4
297,3,4,0
298,2,4,3
299,4,2,0
300,4,3,5
301,0,3,1
302,1,0,3
303,3,2,1
304,1,4,3
305,0,4,3
306,0,1,2
307,1,0,2
308,5,1,2
309,2,1,4
310,0,5,3
311,5,4,2
312,1,0,4
313,2,3,1
314,2,0,4
315,2,4,0
316,4,5,0
317,0,4,5
318,5,2,1
319,4,1,0
320,3,4,1
321,1,4,5
322,1,0,5
323,4,1,3
324,2,4,3
325,0,3,4
326,1,2,3
327,3,4,0
328,1,3,2
329,0,2,3
330,1,4,0
331,2,1,3
332,3,1,2
333,0,1,2
334,2,3,1
335,2,1,3
336,2,0,1
337,0,1,2
338,2,1,0
339,3,2,1
340,1,0,2
341,3,1,0
342,0,1,2
343,0,2,3
344,1,2,0
345,3,0,2
346,3,1,2
347,0,1,2
348,3,0,2
349,0,2,1
350,0,1,2
351,3,1,0
352,2,3,0
353,3,2,0
354,2,3,1
355,1,2,3
356,2,3,1
357,1,3,2
358,2,3,0
359,1,3,2
360,0,2,1
361,1,0,3
362,3,1,2
363,0,3,2
364,3,0,1
365,2,3,0
366,3,2,0
367,0,1,3
368,2,1,0
369,2,3,1
370,3,1,2
371,1,2,3
372,3,2,1
373,2,3,1
374,3,2,1
375,3,2,1
376,2,1,3
377,1,2,3
378,1,3,2
379,1,3,2
380,2,1,3
381,3,1,2
382,3,1,2
383,1,2,3
384,3,1,2
385,2,1,3
386,1,3,2
387,3,1,2
388,2,1,3
389,1,3,2
390,3,2,1
391,3,2,1
392,1,2
393,1,2
394,1,2
395,1,2
396,1,0
397,1,0
398,1,0
399,1,0
400,1,0
401,1,0
402,1,0
403,1,0
404,1,0
405,1,0
406,1,0
407,1,0
408,1,0
409,1,0
410,1,0
411,1,0
