0,20,17,5
1,5,15,7
2,10,8,20
3,2,5,14
4,17,13,9
5,21,18,15
6,7,6,4
7,8,16,17
8,11,12,14
9,10,6,12
10,18,6,15
11,11,3,7
12,3,6,17
13,0,19,2
14,3,11,4
15,4,3,10
16,5,14,6
17,10,12,13
18,18,11,12
19,9,17,19
20,12,14,21
21,14,18,11
22,17,15,16
23,9,5,6
24,6,15,17
25,7,10,17
26,4,7,13
27,12,18,6
28,9,17,19
29,11,18,6
30,15,14,6
31,16,17,15
32,12,4,7
33,14,13,5
34,15,13,12
35,11,7,15
36,5,13,15
37,11,7,12
38,5,14,13
39,12,13,10
40,11,8,5
41,16,4,12
42,10,14,7
43,12,6,9
44,7,16,14
45,10,4,8
46,5,12,7
47,15,4,13
48,16,6,10
49,10,4,15
50,8,13,6
51,5,15,7
52,4,9,6
53,4,6,5
54,6,16,14
55,11,5,9
56,16,4,13
57,15,16,14
58,16,4,14
59,11,8,14
60,8,16,14
61,8,11,9
62,14,9,15
63,12,5,9
64,5,16,6
65,6,8,12
66,5,12,14
67,11,10,15
68,6,12,11
69,14,6,5
70,7,5,6
71,16,11,15
72,13,12,6
73,8,7,15
74,10,11,5
75,5,9,16
76,4,16,13
77,15,6,4
78,10,16,11
79,7,12,14
80,16,11,4
81,5,8,11
82,11,16,8
83,10,4,13
84,7,4,15
85,13,6,5
86,7,16,15
87,14,6,9
88,12,8,7
89,13,8,16
90,14,7,4
91,13,15,11
92,13,7,14
93,5,6,13
94,15,7,10
95,7,9,6
96,7,8,6
97,6,13,9
98,6,8,15
99,11,12,10
100,11,8,14
101,7,8,11
102,10,8,12
103,12,6,13
104,11,7,10
105,5,8,14
106,7,5,15
107,8,7,11
108,5,7,8
109,8,14,5
110,14,9,6
111,7,11,12
112,6,12,5
113,7,9,12
114,12,14,9
115,8,6,10
116,10,6,8
117,11,8,12
118,12,8,5
119,12,8,5
120,8,15,9
121,8,10,5
122,13,10,14
123,12,8,14
124,11,14,12
125,10,11,13
126,13,14,9
127,13,15,12
128,5,14,9
129,11,12,5
130,5,10,9
131,11,13,7
132,14,8,12
133,12,11,7
134,13,9,15
135,5,13,7
136,15,9,5
137,7,10,5
138,12,11,5
139,7,5,6
140,6,14,9
141,13,10,15
142,10,11,7
143,14,9,6
144,15,14,8
145,10,14,13
146,14,8,6
147,5,11,14
148,11,8,15
149,12,11,14
150,14,10,13
151,13,9,5
152,13,10,9
153,12,8,13
154,8,11,12
155,6,8,9
156,14,10,12
157,14,8,7
158,13,8,9
159,5,11,13
160,5,13,14
161,5,8,9
162,12,8,11
163,11,14,9
164,10,5,6
165,13,9,14
166,8,14,11
167,11,10,14
168,5,8,10
169,12,11,10
170,7,10,12
171,8,9,12
172,11,10,13
173,11,10,8
174,11,7,9
175,13,10,6
176,7,12,11
177,8,6,7
178,8,6,13
179,8,10,12
180,7,8,12
181,10,6,11
182,8,11,12
183,8,12,13
184,9,10,13
185,7,6,11
186,13,10,11
187,11,12,8
188,8,10,6
189,9,6,10
190,10,6,12
191,8,10,11
192,6,7,11
193,11,10,7
194,6,7,9
195,8,10,9
196,9,10,11
197,6,10,9
198,9,8,11
199,11,9,13
200,8,10,12
201,13,12,11
202,6,9,13
203,7,8,12
204,7,12,13
205,12,6,8
206,10,6,12
207,7,11,13
208,13,7,9
209,12,8,13
210,7,9,13
211,10,11,12
212,12,7,8
213,8,9,7
214,12,9,11
215,6,11,10
216,8,9,10
217,7,12,8
218,11,10,9
219,8,10,11
220,7,9,13
221,13,9,7
222,11,8,9
223,13,11,8
224,9,8,10
225,8,9,7
226,10,9,13
227,13,7,12
228,7,11,9
229,12,10,8
230,13,9,11
231,7,11,13
232,10,13,11
233,10,11,9
234,13,11,7
235,12,10,11
236,12,9,10
237,10,8,12
238,8,11,10
239,12,10,9
240,10,11,12
241,10,7,11
242,7,9,8
243,13,10,9
244,12,9,8
245,11,7,13
246,8,9,13
247,13,11,12
248,8,9,12
249,9,7,8
250,13,8,9
251,13,8,7
252,12,9,10
253,13,12,10
254,8,13,11
255,11,8,10
256,8,12,9
257,10,13,8
258,13,7,11
259,13,10,9
260,12,11,13
261,7,10,13
262,9,11,8
263,9,10,12
264,13,12,10
265,9,13,12
266,9,11,12
267,8,11,12
268,10,8,11
269,7,10,8
270,7,9,11
271,10,11,8
272,7,9,11
273,7,11,9
274,11,8,10
275,8,7,11
276,9,7,11
277,8,10,11
278,10,9,8
279,7,11,12
280,11,10,9
281,11,12,8
282,9,12,8
283,8,9,10
284,10,9,12
285,7,10,12
286,12,9,11
287,10,7,9
288,11,8,10
289,11,7,9
290,9,10,8
291,9,10,8
292,8,9,7
293,10,8,9
294,9,7,10
295,9,7,8
296,7,11,9
297,10,8,11
298,11,7,8
299,9,10,7
300,7,10,8
301,9,8,7
302,10,7,11
303,10,7,8
304,9,11,10
305,9,7,11
306,11,8,9
307,9,11,10
308,11,10,7
309,11,9,7
310,7,9,11
311,10,9,11
312,9,7,10
313,7,10,11
314,7,9,11
315,7,10,9
316,11,10,9
317,7,11,10
318,7,10,11
319,9,10,7
320,7,9,10
321,10,9,7
322,10,7,9
323,9,7,10
324,7,9,10
325,7,10,9
326,7,10,9
327,9,7,10
328,10,9,7
329,9,10
330,9,10
331,9,10
332,9,10
333,9,10
334,9,10
335,10,0