0,18,10,13
1,12,19,21
2,4,12,7
3,22,1,0
4,18,22,14
5,2,23,7
6,2,3,16
7,15,11,2
8,17,5,15
9,23,11,18
10,3,1,19
11,18,9,17
12,5,13,0
13,7,23,1
14,14,15,17
15,18,7,17
16,15,9,17
17,3,1,20
18,18,4,11
19,12,0,20
20,3,4,12
21,14,10,17
22,5,17,3
23,7,10,4
24,10,20,2
25,5,7,10
26,14,0,3
27,16,10,17
28,7,13,17
29,16,3,12
30,11,4,5
31,1,9,14
32,2,5,12
33,12,2,14
34,11,9,3
35,7,6,1
36,9,12,0
37,2,8,11
38,1,0,5
39,11,7,3
40,5,9,4
41,2,0,14
42,5,4,11
43,0,11,8
44,14,9,11
45,7,11,6
46,9,8,5
47,3,7,11
48,9,6,0
49,6,14,3
50,0,3,7
51,7,8,1
52,4,9,0
53,8,4,3
54,2,8,5
55,3,5,9
56,3,5,6
57,2,9,1
58,0,7,2
59,5,1,11
60,2,5,8
61,1,3,6
62,4,2,1
63,3,0,4
64,11,5,6
65,3,6,8
66,7,9,5
67,11,3,0
68,2,9,11
69,6,7,2
70,1,11,5
71,2,11,3
72,6,3,0
73,11,4,0
74,6,2,11
75,2,6,4
76,3,11,8
77,2,7,5
78,6,0,8
79,0,4,6
80,11,1,8
81,4,11,5
82,4,1,7
83,9,6,11
84,6,4,5
85,0,6,5
86,9,1,2
87,8,4,7
88,6,1,0
89,5,1,0
90,0,5,1
91,6,2,5
92,2,0,1
93,7,2,3
94,1,4,8
95,0,7,1
96,5,6,3
97,1,6,2
98,1,6,2
99,3,1,2
100,5,2,8
101,1,3,0
102,3,5,0
103,1,6,2
104,1,8,0
105,0,5,6
106,1,3,8
107,8,5,3
108,8,0,1
109,0,8,2
110,2,4,6
111,4,5,1
112,8,5,6
113,3,0,6
114,0,3,1
115,2,1,6
116,0,6,3
117,0,3,1
118,2,6,0
119,0,6,2
120,6,1,3
121,5,8,1
122,0,4,6
123,5,6,1
124,2,6,5
125,6,3,5
126,5,2,1
127,4,6,5
128,0,4,6
129,1,0,6
130,2,3,5
131,8,1,0
132,6,0,2
133,6,5,3
134,5,6,8
135,8,0,1
136,0,2,3
137,8,2,4
138,5,8,0
139,3,1,0
140,5,8,4
141,1,0,2
142,0,8,4
143,1,4,3
144,1,3,8
145,1,2,3
146,1,3,0
147,2,1,4
148,3,4,8
149,2,1,0
150,0,3,8
151,8,4,3
152,3,0,8
153,1,0,3
154,1,0,4
155,2,3,1
156,1,2,0
157,0,1,2
158,2,1,4
159,2,3,0
160,3,4,2
161,2,0,1
162,1,3,0
163,4,0,2
164,3,0,1
165,3,0,4
166,2,0,3
167,1,4,0
168,4,2,3
169,3,2,0
170,4,1,0
171,0,1,2
172,4,0,1
173,2,1,3
174,3,4,2
175,1,2,4
176,2,0,4
177,4,2,1
178,2,3,4
179,3,1,2
180,1,4,2
181,4,0,2
182,2,3,0
183,3,0,4
184,3,4,1
185,2,4,1
186,4,1,2
187,3,2,4
188,2,3,1
189,1,3,4
190,1,0,4
191,1,4,2
192,0,3,2
193,0,4,2
194,4,2,0
195,0,1,3
196,1,2,0
197,4,0,3
198,4,0,3
199,2,4,1
200,2,4,1
201,0,1,4
202,0,1,3
203,2,0,4
204,3,2,1
205,3,1,4
206,2,1,4
207,3,1,4
208,3,2,4
209,3,2,1
210,0,4,1
211,3,2,1
212,4,1,3
213,0,1,4
214,1,3,0
215,4,2,1
216,3,1,2
217,1,2,4
218,4,1,3
219,2,4,3
220,3,2,1
221,2,1,0
222,1,2,4
223,1,4,2
224,2,0,1
225,0,1,3
226,3,1,0
227,1,0,2
228,2,0,3
229,3,1,0
230,2,3,0
231,3,2,1
232,3,2,1
233,3,1,2
234,2,0,1
235,2,3,0
236,1,2,3
237,0,1,3
238,0,2,3
239,1,2,0
240,3,1,0
241,0,2,1
242,2,0,1
243,1,0,3
244,2,3,1
245,0,3,1
246,0,2,3
247,2,3,1
248,1,2,3
249,1,2,0
250,0,1,3
251,1,2,0
252,2,0,3
253,2,1,3
254,2,1,0
255,0,2,1
256,1,2,0
257,2,0,1
258,0,1,2
259,1,2,0
260,2,1,0
261,0,2,1
262,1,2,0
263,0,1,2
264,1,0,2
265,0,1,2
266,2,0,1
267,1,2,0
268,1,2,0
269,2,1,0
270,2,1,0
271,2,1,0
272,0,1,2
273,1,2,0
274,2,0,1
275,0,1
276,0,1
277,0,1
278,0,1
279,0,1
280,0,1
281,0,1
282,0,1
283,0,1
284,0,1
285,0,1
286,0,1
287,0,1
288,0,1
289,0,1
290,0,1
291,0,1
292,0,1
293,0,1
294,0,1
295,1,0
296,1,0
297,1,0
298,1,0
299,1,0
300,1,0
301,1,0
302,1,0
303,1,0
304,1,0
305,1,0
306,1,0
307,1,0
308,1,0
309,1,0
310,1,0
311,1,0
312,1,0
313,1,0
314,1,0
315,1,0
316,1,0
317,1,0
318,1,0
319,1,0
320,1,0
321,1,0
322,1,0
323,1,0
324,1,0
325,1,0
326,1,0
327,1,0
328,1,0
329,1,0
