0,17,7,18
1,7,9,12
2,4,19,15
3,21,11,20
4,15,11,18
5,11,5,15
6,13,10,2
7,14,1,9
8,7,6,13
9,5,20,10
10,16,8,15
11,14,15,8
12,16,5,12
13,16,8,9
14,6,13,7
15,2,19,3
16,14,1,13
17,6,19,20
18,3,14,17
19,6,17,16
20,2,18,8
21,19,8,11
22,10,6,19
23,16,9,3
24,9,15,14
25,5,15,18
26,20,8,3
27,3,8,9
28,7,4,5
29,14,6,15
30,18,15,7
31,8,4,12
32,11,9,15
33,11,8,4
34,5,18,7
35,10,13,14
36,17,11,5
37,9,16,15
38,11,3,13
39,8,14,3
40,16,18,5
41,19,9,2
42,3,17,12
43,10,9,8
44,12,11,8
45,16,14,11
46,13,12,11
47,16,10,7
48,4,9,19
49,6,4,15
50,7,4,16
51,4,14,5
52,13,18,9
53,6,13,10
54,5,16,11
55,4,9,12
56,12,8,16
57,14,8,7
58,16,4,17
59,17,9,4
60,7,6,10
61,18,12,15
62,16,18,12
63,15,17,7
64,6,12,4
65,12,13,5
66,7,9,15
67,6,4,15
68,17,12,13
69,11,10,17
70,8,15,14
71,4,10,17
72,9,14,10
73,9,8,6
74,10,11,16
75,8,6,16
76,13,5,16
77,4,14,5
78,15,5,8
79,15,14,9
80,16,4,5
81,6,15,14
82,13,11,12
83,6,8,5
84,10,11,4
85,16,7,8
86,10,15,14
87,6,13,14
88,4,16,6
89,9,4,16
90,14,12,8
91,10,7,13
92,11,16,7
93,6,15,12
94,6,13,4
95,13,12,4
96,4,15,5
97,9,4,12
98,15,10,7
99,5,7,14
100,11,8,7
101,5,7,11
102,8,7,11
103,10,14,5
104,7,15,8
105,11,10,15
106,14,7,12
107,8,7,12
108,15,8,11
109,10,5,6
110,11,12,14
111,13,6,15
112,11,6,14
113,11,6,12
114,5,11,7
115,13,7,12
116,5,15,8
117,5,6,14
118,15,13,5
119,6,13,11
120,15,13,8
121,9,15,12
122,10,7,14
123,9,14,8
124,14,8,10
125,12,10,15
126,13,14,8
127,14,7,5
128,7,10,8
129,8,12,15
130,5,10,6
131,15,8,5
132,6,11,7
133,12,6,10
134,13,8,6
135,5,7,14
136,14,7,10
137,12,6,15
138,14,12,11
139,10,5,7
140,14,11,12
141,5,15,11
142,9,8,14
143,6,5,7
144,15,8,9
145,9,7,12
146,15,12,8
147,9,10,13
148,6,12,13
149,8,12,7
150,6,7,8
151,14,15,13
152,12,9,7
153,5,12,8
154,6,14,9
155,9,8,10
156,14,10,9
157,13,15,10
158,8,10,7
159,13,6,8
160,10,8,12
161,7,12,11
162,7,5,6
163,11,7,12
164,14,10,13
165,10,8,9
166,10,15,8
167,9,12,8
168,8,10,9
169,7,12,14
170,13,7,9
171,6,9,5
172,8,6,14
173,14,9,6
174,10,7,11
175,12,6,5
176,5,12,11
177,12,6,5
178,10,14,12
179,14,11,9
180,11,5,7
181,9,5,10
182,5,12,14
183,5,10,9
184,11,10,14
185,10,9,7
186,12,13,7
187,5,11,9
188,9,11,12
189,13,9,6
190,12,9,13
191,6,9,14
192,12,14,9
193,11,7,10
194,11,14,7
195,8,11,10
196,11,10,14
197,6,11,7
198,14,12,7
199,12,8,14
200,12,11,14
201,14,12,9
202,9,12,7
203,7,8,13
204,12,10,7
205,8,13,7
206,8,14,9
207,14,12,7
208,10,14,7
209,13,11,10
210,11,8,10
211,10,9,12
212,13,8,11
213,12,9,11
214,10,13,6
215,7,11,13
216,7,8,10
217,14,13,11
218,13,10,12
219,10,7,8
220,9,14,8
221,8,11,9
222,10,11,8
223,13,6,14
224,7,10,14
225,6,8,11
226,8,12,6
227,13,11,12
228,10,9,6
229,10,9,11
230,7,11,12
231,9,14,7
232,7,6,12
233,11,8,13
234,14,9,12
235,10,8,11
236,6,11,7
237,8,11,6
238,14,8,10
239,12,11,9
240,9,8,12
241,6,9,13
242,13,8,11
243,7,12,6
244,10,9,6
245,9,7,11
246,8,11,10
247,10,8,6
248,12,13,11
249,10,6,12
250,6,9,13
251,9,12,6
252,6,9,13
253,7,11,6
254,7,11,8
255,6,10,11
256,9,13,8
257,9,6,7
258,8,11,12
259,11,9,8
260,11,7,12
261,10,9,11
262,10,8,12
263,9,11,6
264,7,6,10
265,6,8,13
266,11,10,12
267,11,12,9
268,6,8,13
269,8,11,9
270,9,8,6
271,6,12,10
272,13,10,7
273,13,8,12
274,8,7,13
275,13,10,9
276,10,9,8
277,6,8,10
278,11,6,8
279,10,13,6
280,6,12,8
281,9,11,8
282,13,7,9
283,6,7,12
284,11,10,8
285,12,10,9
286,9,12,8
287,12,13,6
288,10,11,7
289,13,8,7
290,12,7,13
291,13,6,7
292,6,13,8
293,13,9,10
294,12,10,13
295,11,12,6
296,12,6,10
297,7,11,13
298,13,7,6
299,8,10,13
300,13,9,7
301,9,8,11
302,9,10,8
303,8,13,10
304,12,10,6
305,9,6,10
306,10,11,6
307,9,6,8
308,7,13,12
309,8,11,13
310,9,12,7
311,12,7,6
312,13,7,10
313,9,10,13
314,13,8,10
315,13,11,8
316,12,11,10
317,9,11,8
318,10,7,12
319,12,8,10
320,13,12,8
321,9,10,12
322,13,8,7
323,13,10,9
324,8,12,11
325,12,13,7
326,11,7,8
327,11,10,9
328,10,8,13
329,7,9,8
330,10,13,9
331,9,13,12
332,9,13,10
333,12,13,8
334,9,11,12
335,10,13,11
336,13,8,12
337,8,13,10
338,8,9,12
339,11,12,10
340,12,7,13
341,13,8,12
342,12,7,13
343,9,10,12
344,10,12,7
345,13,10,12
346,11,9,10
347,10,8,13
348,10,7,8
349,9,12,8
350,7,13,11
351,8,9,12
352,11,13,10
353,12,11,8
354,8,11,10
355,7,13,8
356,10,12,8
357,9,7,12
358,11,9,8
359,11,7,9
360,11,8,9
361,7,11,8
362,8,11,10
363,9,8,10
364,8,10,9
365,9,10,11
366,9,11,8
367,9,8,10
368,11,8,10
369,9,11,10
370,10,8,9
371,10,9,8
372,10,8,9
373,10,9,8
374,11,8,10
375,8,9,11
376,10,9,8
377,10,9,11
378,10,11,9
379,8,11,10
380,8,11,10
381,10,8,9
382,10,11,9
383,10,11,9
384,11,10,9
385,11,9,10
386,10,11,9
387,9,11,10
388,10,11,9
389,9,11,10
390,10,9,11
391,10,11
392,10,11
393,10,11
394,10,11
395,10,11
396,10,11
397,10,11
398,10,11
399,10,11
400,10,11
401,10,11
402,10,11
403,10,0
404,10,0
405,10,0
