0,23,17,9
1,2,12,10
2,8,4,3
3,0,22,1
4,13,5,9
5,20,11,3
6,13,0,11
7,1,9,14
8,8,4,2
9,5,14,1
10,9,11,6
11,3,8,19
12,2,6,4
13,1,7,12
14,1,12,16
15,0,3,5
16,1,12,8
17,5,10,2
18,0,8,12
19,1,0,2
20,4,0,3
21,7,3,2
22,7,1,2
23,0,2,6
24,12,2,1
25,10,0,3
26,12,1,5
27,0,5,6
28,0,5,3
29,0,10,6
30,4,1,0
31,3,6,4
32,1,3,2
33,5,1,2
34,7,5,1
35,6,0,3
36,2,1,4
37,0,1,10
38,0,6,3
39,3,7,6
40,2,6,0
41,1,6,3
42,2,4,6
43,5,1,0
44,5,3,6
45,2,7,1
46,3,7,2
47,3,7,2
48,4,0,2
49,6,2,4
50,6,4,2
51,1,0,3
52,3,1,0
53,0,6,1
54,2,1,5
55,4,2,3
56,6,5,2
57,1,5,2
58,4,0,3
59,4,6,1
60,1,5,2
61,1,6,5
62,1,6,4
63,0,5,2
64,5,3,4
65,0,2,1
66,2,5,1
67,4,2,0
68,3,0,4
69,0,2,4
70,4,1,2
71,0,4,1
72,4,2,1
73,3,1,0
74,4,3,2
75,1,3,0
76,4,1,2
77,2,3,0
78,5,4,0
79,2,1,0
80,0,5,1
81,0,1,5
82,0,1,4
83,1,0,5
84,0,1
85,0,1
86,0,1
87,0,1
88,0,1
89,0,1
90,0,1
91,0,1
92,0,1
93,0,1
94,0,1
95,0,1
96,0,1
97,0,1
98,0,1
99,0,1
100,0,1
101,0,1
102,0,1
103,1,0
104,1,0
105,1,0
106,1,0
107,1,0
108,1,0
109,1,0
110,1,0
111,1,0
112,1,0
