0,4,11,18
1,17,16,13
2,15,0,13
3,0,12,23
4,15,0,3
5,5,17,11
6,4,21,6
7,3,18,16
8,1,10,2
9,14,11,10
10,8,7,17
11,5,1,19
12,0,19,4
13,12,7,6
14,19,18,7
15,4,2,16
16,3,5,11
17,9,5,4
18,6,14,1
19,6,3,1
20,11,10,12
21,10,5,16
22,0,6,4
23,11,7,20
24,9,10,16
25,11,0,2
26,3,10,20
27,5,3,7
28,3,6,10
29,6,4,9
30,7,9,4
31,7,1,9
32,4,10,7
33,4,6,2
34,2,10,8
35,7,2,4
36,1,7,6
37,4,9,5
38,6,9,4
39,2,3,6
40,3,0,7
41,2,7,5
42,6,1,9
43,8,4,9
44,3,1,0
45,10,4,5
46,10,2,1
47,2,3,4
48,5,1,9
49,5,7,8
50,9,6,3
51,8,3,4
52,8,9,5
53,6,1,4
54,10,5,7
55,0,8,3
56,2,5,8
57,1,4,2
58,0,8,5
59,4,8,5
60,1,10,4
61,4,3,6
62,9,0,3
63,10,9,8
64,9,6,0
65,0,3,5
66,1,0,3
67,2,5,1
68,2,0,5
69,8,5,1
70,8,4,3
71,2,3,8
72,2,8,0
73,8,1,0
74,4,1,6
75,8,1,2
76,3,2,8
77,1,5,4
78,2,5,8
79,4,5,8
80,5,6,0
81,0,3,5
82,1,4,5
83,5,3,8
84,2,5,4
85,8,1,4
86,0,5,8
87,2,3,0
88,5,6,8
89,0,6,5
90,2,3,0
91,2,3,1
92,6,1,3
93,2,0,4
94,5,3,1
95,3,5,6
96,3,5,1
97,2,0,4
98,3,1,4
99,0,1,3
100,4,2,3
101,4,3,2
102,2,0,3
103,4,2,0
104,3,2,0
105,3,2,4
106,0,4,1
107,2,1,3
108,1,0,2
109,2,0,1
110,2,1,3
111,3,2,1
112,4,1,2
113,0,3,2
114,1,0,4
115,3,0,2
116,0,4,1
117,4,2,0
118,1,0,2
119,1,3,2
120,1,0,3
121,3,2,1
122,4,2,3
123,1,3,2
124,4,1,3
125,1,2,4
126,1,2,0
127,3,4,2
128,3,1,2
129,4,0,1
130,4,1,2
131,2,0,1
132,0,2,1
133,1,4,0
134,0,1,4
135,1,2,0
136,2,1,0
137,0,1,4
138,2,0,4
139,0,4,2
140,1,0,4
141,2,0,1
142,0,1,4
143,0,4,2
144,1,2,4
145,0,4,1
146,4,2,0
147,2,1,0
148,0,1,4
149,4,0,1
150,2,1,4
151,2,1,0
152,0,2,4
153,4,2,0
154,2,1,0
155,1,2,0
156,2,0,1
157,1,0,2
158,2,0,1
159,2,0,1
160,0,1,2
161,0,1,2
162,1,2,0
163,0,2,1
164,2,1,0
165,1,0,2
166,2,1,0
167,1,0,2
168,2,0,1
169,0,2,1
170,2,0,1
171,0,1,2
172,1,2,0
173,0,1,2
174,1,2,0
175,2,1,0
176,2,0,1
177,2,1,0
178,1,2,0
179,0,2,1
180,1,0,2
181,2,0,1
182,0,1,2
183,1,2,0
184,0,1,2
185,1,2,0
186,0,1
187,0,1
188,0,1
189,0,1
190,0,1
191,0,1
192,0,1
193,0,1
194,0,1
195,0,1
196,0,1
197,0,1
198,0,1
199,1,0
200,1,0
201,1,0
202,1,0
203,1,0
204,1,0
205,1,0
206,1,0
207,1,0
208,1,0
209,1,0
210,1,0
211,1,0
212,1,0
213,1,0
214,1,0
