0,9,10,1
1,10,5,17
2,9,12,11
3,12,15,8
4,13,15,2
5,5,15,10
6,10,2,11
7,9,0,5
8,13,9,15
9,19,16,3
10,8,5,6
11,13,8,6
12,2,6,11
13,11,14,8
14,18,7,9
15,2,13,14
16,11,9,15
17,9,2,16
18,14,11,5
19,9,13,2
20,12,13,4
21,9,16,10
22,4,3,7
23,3,12,10
24,13,12,3
25,14,6,13
26,5,6,10
27,6,4,10
28,14,8,7
29,6,5,7
30,11,7,13
31,3,5,9
32,9,7,3
33,6,14,9
34,11,13,10
35,11,6,9
36,8,12,9
37,7,10,6
38,14,3,9
39,9,5,10
40,12,9,13
41,7,3,13
42,10,9,5
43,10,8,14
44,9,4,5
45,4,7,14
46,10,9,8
47,5,6,14
48,6,3,9
49,5,13,10
50,12,14,7
51,11,3,6
52,12,8,13
53,4,8,7
54,6,4,8
55,4,3,13
56,5,11,3
57,5,12,11
58,3,7,13
59,5,12,6
60,7,8,10
61,7,5,12
62,12,11,10
63,7,8,4
64,3,5,11
65,12,11,7
66,9,8,3
67,6,9,8
68,9,10,7
69,5,9,7
70,9,3,11
71,8,6,4
72,5,10,9
73,9,12,3
74,12,3,4
75,5,12,6
76,7,10,4
77,7,10,3
78,11,10,6
79,7,10,3
80,6,12,10
81,9,4,6
82,4,12,7
83,7,12,3
84,3,11,7
85,5,11,12
86,10,8,7
87,5,8,10
88,4,12,10
89,4,11,7
90,11,5,8
91,8,6,4
92,8,5,12
93,8,5,12
94,10,7,6
95,8,6,5
96,10,11,12
97,8,4,5
98,5,7,9
99,6,4,5
100,11,4,10
101,8,11,6
102,8,4,10
103,6,7,11
104,5,7,4
105,6,4,5
106,11,9,4
107,5,10,9
108,10,8,9
109,10,11,9
110,5,6,11
111,8,9,11
112,10,11,6
113,10,4,8
114,10,8,7
115,11,6,4
116,11,8,6
117,9,6,7
118,8,11,9
119,8,6,10
120,7,10,9
121,7,11,10
122,10,11,8
123,5,9,7
124,6,5,4
125,11,7,5
126,4,8,11
127,8,11,6
128,10,8,4
129,4,10,11
130,5,8,6
131,4,8,5
132,7,5,9
133,8,10,5
134,7,5,8
135,9,10,8
136,9,10,7
137,11,6,10
138,6,11,10
139,11,9,5
140,9,11,10
141,7,10,5
142,5,10,9
143,7,10,11
144,6,8,10
145,5,9,6
146,10,7,5
147,10,7,5
148,10,7,8
149,6,7,9
150,8,7,5
151,8,7,9
152,5,7,9
153,5,8,9
154,7,8,9
155,6,8,9
156,8,6,7
157,9,7,8
158,7,5,6
159,7,6,8
160,9,8,6
161,5,7,9
162,9,6,8
163,5,7,9
164,6,7,5
165,8,7,5
166,8,6,5
167,9,8,7
168,9,8,5
169,7,6,5
170,5,9,6
171,5,9,6
172,8,5,6
173,9,6,8
174,6,8,7
175,7,8,9
176,9,7,8
177,7,6,9
178,6,9,8
179,6,8,7
180,8,6,7
181,6,8,7
182,8,6,7
183,8,6,7
184,7,8,6
185,8,7,6
186,7,6,8
187,6,8,7
188,7,6,8
189,6,7,8
190,6,8,7
191,7,8,6
192,6,7,8
193,7,8,6
194,8,6,7
195,8,6,7
196,8,6
197,8,6
198,8,6
199,8,0
200,8,0
201,8,0
202,8,0
203,8,0
204,8,0
