0,14,4,3
1,1,11,6
2,2,16,7
3,11,8,3
4,11,8,13
5,3,2,18
6,16,8,12
7,11,10,9
8,4,2,16
9,9,7,5
10,12,3,8
11,13,11,8
12,4,7,12
13,6,11,9
14,13,5,6
15,8,12,9
16,10,6,7
17,8,10,9
18,13,9,11
19,6,7,8
20,7,6,8
21,10,12,4
22,4,11,7
23,12,4,9
24,11,6,12
25,11,4,6
26,4,2,6
27,12,6,7
28,10,12,5
29,9,12,4
30,10,7,9
31,6,10,7
32,9,11,8
33,8,10,5
34,5,10,4
35,9,10,12
36,8,13,10
37,6,4,9
38,4,7,12
39,13,9,12
40,9,5,4
41,9,13,10
42,10,8,7
43,8,10,5
44,6,7,5
45,12,8,9
46,8,7,6
47,7,12,11
48,8,12,13
49,11,9,13
50,5,9,6
51,6,9,5
52,13,5,12
53,12,5,8
54,7,10,12
55,11,13,9
56,6,7,11
57,8,7,11
58,6,10,5
59,11,13,5
60,8,13,11
61,11,8,12
62,9,6,10
63,6,10,7
64,8,6,10
65,6,8,10
66,6,10,7
67,5,10,7
68,6,10,7
69,9,7,8
70,8,10,9
71,8,5,6
72,9,8,6
73,6,7,8
74,5,6,9
75,6,8,5
76,8,9,7
77,7,10,8
78,6,7,5
79,7,8,5
80,8,5,6
81,5,6,7
82,9,8,5
83,9,8,5
84,5,7,6
85,6,5,9
86,9,8,6
87,8,7,9
88,7,8,5
89,8,5,9
90,5,9,8
91,6,9,7
92,7,6,9
93,9,7
94,9,7
95,9,7
96,9,7
97,9,7
98,9,7
99,9,7
100,9,7
101,9,7
102,9,0
103,9,0
104,9,0
