0,14,16,23
1,11,7,4
2,10,6,19
3,10,11,12
4,15,2,19
5,14,5,7
6,19,3,14
7,14,11,19
8,16,6,18
9,19,3,6
10,8,15,16
11,17,18,10
12,9,17,11
13,9,14,8
14,11,6,5
15,13,7,17
16,5,12,17
17,12,13,9
18,7,11,15
19,10,13,14
20,15,16,4
21,14,11,10
22,5,16,4
23,10,5,3
24,12,8,18
25,12,17,8
26,13,7,9
27,12,5,17
28,3,11,12
29,6,18,15
30,13,14,18
31,11,12,13
32,11,17,15
33,13,8,12
34,17,14,11
35,11,9,10
36,7,11,9
37,9,4,5
38,18,11,5
39,13,4,5
40,3,17,15
41,5,16,13
42,18,16,17
43,14,13,9
44,3,14,8
45,15,8,3
46,15,5,13
47,7,12,15
48,16,18,11
49,14,16,15
50,10,3,4
51,8,15,11
52,6,3,5
53,15,18,3
54,18,14,16
55,9,11,16
56,10,9,4
57,6,7,8
58,5,18,10
59,7,10,15
60,12,11,15
61,16,7,18
62,16,13,10
63,6,7,11
64,16,9,18
65,14,13,16
66,16,6,10
67,14,4,9
68,9,5,7
69,10,11,7
70,14,11,10
71,14,11,10
72,8,16,13
73,16,6,4
74,11,6,13
75,15,8,5
76,12,15,8
77,9,10,16
78,6,12,7
79,8,15,6
80,4,11,10
81,9,5,10
82,7,12,11
83,5,16,7
84,12,11,5
85,11,7,14
86,8,10,4
87,12,7,9
88,4,11,5
89,4,13,6
90,16,14,5
91,15,4,14
92,12,10,8
93,5,7,12
94,15,14,16
95,5,7,6
96,8,12,14
97,6,10,11
98,13,4,7
99,4,12,9
100,11,10,15
101,5,4,15
102,7,15,10
103,8,13,5
104,14,12,15
105,4,5,7
106,11,6,14
107,9,12,11
108,10,7,12
109,6,13,15
110,14,7,13
111,14,7,6
112,11,7,10
113,8,12,16
114,6,11,10
115,12,9,13
116,16,15,7
117,13,12,10
118,5,13,14
119,7,11,5
120,6,12,11
121,8,13,9
122,13,6,14
123,12,9,13
124,6,5,10
125,8,10,9
126,12,7,6
127,7,15,6
128,5,9,6
129,5,10,8
130,6,11,14
131,12,5,14
132,5,13,12
133,16,14,15
134,6,13,8
135,11,8,16
136,15,7,14
137,7,11,6
138,15,12,7
139,7,15,8
140,13,16,5
141,16,14,6
142,7,12,8
143,13,8,12
144,13,10,14
145,5,15,7
146,6,11,7
147,11,7,14
148,8,16,5
149,6,12,14
150,6,9,11
151,5,10,15
152,16,14,15
153,5,14,9
154,11,6,7
155,12,9,6
156,5,9,8
157,8,13,6
158,5,7,12
159,14,7,10
160,14,12,10
161,8,7,10
162,11,7,14
163,10,6,15
164,10,6,14
165,15,6,8
166,6,8,9
167,13,5,8
168,8,14,9
169,12,8,11
170,11,5,6
171,13,7,8
172,6,5,12
173,10,7,15
174,6,8,5
175,5,14,8
176,13,7,9
177,12,10,7
178,7,11,5
179,13,10,9
180,15,13,7
181,6,13,7
182,14,7,13
183,15,13,14
184,10,9,6
185,8,13,12
186,13,14,8
187,9,13,7
188,10,11,6
189,11,14,15
190,12,6,13
191,15,14,13
192,12,6,8
193,12,11,14
194,11,8,14
195,6,8,14
196,12,14,11
197,13,8,7
198,7,9,10
199,13,9,12
200,10,13,12
201,13,6,11
202,8,7,9
203,10,9,12
204,8,7,14
205,12,11,6
206,7,13,11
207,7,13,8
208,11,8,13
209,14,8,9
210,13,6,7
211,7,11,12
212,14,6,8
213,10,14,6
214,9,8,12
215,8,11,12
216,13,6,9
217,6,12,11
218,11,6,10
219,13,9,6
220,9,6,12
221,11,8,10
222,6,9,13
223,7,11,13
224,12,11,7
225,7,13,12
226,10,12,7
227,9,8,10
228,13,7,10
229,10,8,11
230,7,13,10
231,9,10,7
232,11,7,10
233,9,10,8
234,8,7,11
235,9,11,12
236,12,13,10
237,9,10,11
238,7,13,12
239,8,7,12
240,9,10,12
241,9,10,8
242,7,10,8
243,8,7,9
244,11,12,10
245,9,8,11
246,12,9,10
247,7,11,8
248,12,7,10
249,11,7,10
250,12,11,7
251,9,11,10
252,10,7,12
253,12,8,10
254,10,12,9
255,12,10,9
256,12,11,9
257,11,8,12
258,8,10,11
259,12,8,9
260,8,11,10
261,10,11,9
262,8,10,11
263,8,11,9
264,12,8,11
265,11,8,10
266,8,12,11
267,8,12,10
268,8,10,11
269,11,12,10
270,9,12,10
271,10,9,8
272,8,12,9
273,8,9,10
274,10,12,9
275,8,11,12
276,11,10,9
277,10,11,8
278,9,11,10
279,11,8,12
280,11,12,9
281,10,12,8
282,10,8,11
283,10,8,9
284,12,9,8
285,9,12,8
286,8,11,9
287,10,11,9
288,9,11,10
289,9,10,11
290,11,9,8
291,11,10,9
292,9,10,8
293,11,9,8
294,8,9,10
295,10,9,11
296,8,9,10
297,8,11,9
298,10,8,9
299,11,9,8
300,10,9,11
301,10,9,11
302,9,11,8
303,8,10,9
304,11,10,8
305,9,11,10
306,10,8,9
307,10,8,9
308,9,10,11
309,8,11,10
310,11,8,10
311,8,10,11
312,9,10,8
313,10,8,9
314,10,11,9
315,10,11,8
316,11,10,8
317,10,11,8
318,10,8,9
319,11,9,10
320,9,8,11
321,10,9,8
322,9,8,11
323,11,8,9
324,9,8,11
325,8,9,11
326,9,8,11
