0,7,12,6
1,5,4,7
2,5,12,15
3,19,8,14
4,6,10,11
5,17,4,6
6,15,13,10
7,13,2,8
8,14,6,11
9,6,9,5
10,11,14,7
11,14,3,5
12,9,6,3
13,7,6,5
14,10,12,4
15,9,4,7
16,13,8,6
17,7,3,11
18,11,3,8
19,4,5,11
20,8,12,7
21,3,5,13
22,9,3,5
23,4,7,13
24,6,9,4
25,12,8,6
26,10,12,9
27,4,11,6
28,9,4,5
29,8,10,11
30,11,10,9
31,11,6,8
32,6,12,9
33,12,6,7
34,8,12,7
35,8,12,9
36,8,7,12
37,8,7,10
38,7,6,9
39,9,10,8
40,6,10,8
41,9,10,7
42,10,9,7
43,9,10,7
44,7,9,10
45,9,7
46,9,0
47,9,0
48,9,0
49,9,0
50,9,0
51,9,0
52,9,0
53,9,0
54,9,0
55,9,0
56,9,0
57,9,0
58,9,0
